 51 2002.114985 1.322E-25 2.960E+01.04570.047 3579.97510.67-.003500              2              1                    P 27      476623 5 8 2 2 1 1    53.0   55.0
 51 2003.667981 1.518E-22 1.482E+01.04300.042 2023.37150.67-.003500              1              0                    P 32      476623 5 8 2 2 1 1    63.0   65.0
 51 2003.977307 8.196E-29 4.465E+01.05000.054 5130.79260.67-.003217              3              2                    P 21      467665 5 8 2 2 1 7    41.0   43.0
 51 2006.783612 2.098E-25 2.982E+01.04640.048 3477.58510.67-.003500              2              1                    P 26      477623 5 8 2 2 1 1    51.0   53.0
 51 2008.421529 1.149E-28 4.499E+01.05100.055 5051.74320.67-.002867              3              2                    P 20      467665 5 8 2 2 1 7    39.0   41.0
 51 2008.525448 2.669E-22 1.493E+01.04360.043 1901.13080.67-.003500              1              0                    P 31      476623 5 8 2 2 1 1    61.0   63.0
 51 2011.421043 3.266E-25 3.005E+01.04690.050 3378.95370.67-.003500              2              1                    P 25      477623 5 8 2 2 1 1    49.0   51.0
 51 2012.833683 1.577E-28 4.534E+01.05190.056 4976.43800.67-.002825              3              2                    P 19      467665 5 8 2 2 1 7    37.0   39.0
 51 2013.352446 4.604E-22 1.505E+01.04410.043 1782.66240.67-.003500              1              0                    P 30      486623 5 8 2 2 1 1    59.0   61.0
 51 2016.027134 4.982E-25 3.027E+01.04750.051 3284.08460.67-.003500              2              1                    P 24      477623 5 8 2 2 1 1    47.0   49.0
 51 2017.213621 2.119E-28 4.570E+01.05270.057 4904.87990.68-.002855              3              2                    P 18      467665 5 8 2 2 1 7    35.0   37.0
 51 2018.148830 7.789E-22 1.516E+01.04460.045 1667.97090.67-.003500              1              0                    P 29      486623 5 8 2 2 1 1    57.0   59.0
 51 2020.601738 7.449E-25 3.050E+01.04830.052 3192.98150.67-.002980              2              1                    P 23      477623 5 8 2 2 1 1    45.0   47.0
 51 2021.561199 2.788E-28 4.606E+01.05350.058 4837.07170.69-.002790              3              2                    P 17      467665 5 8 2 2 1 7    33.0   35.0
 51 2022.914455 1.292E-21 1.527E+01.04510.046 1557.06070.67-.003500              1              0                    P 28      486623 5 8 2 2 1 1    55.0   57.0
 51 2025.144711 1.092E-24 3.073E+01.04910.053 3105.64790.67-.003350              2              1                    P 22      477623 5 8 2 2 1 1    43.0   45.0
 51 2025.876269 3.590E-28 4.644E+01.05420.059 4773.01610.70-.002863              3              2                    P 16      467665 5 8 2 2 1 7    31.0   33.0
 51 2027.649176 2.102E-21 1.539E+01.04570.047 1449.93590.67-.003500              1              0                    P 27      486623 5 8 2 2 1 1    53.0   55.0
 51 2029.655904 1.567E-24 3.097E+01.05000.054 3022.08730.67-.003630              2              1                    P 21      477623 5 8 2 2 1 1    41.0   43.0
 51 2030.158686 4.521E-28 4.683E+01.05490.060 4712.71560.71-.002800              3              2                    P 15      467665 5 8 2 2 1 7    29.0   31.0
 51 2032.352848 3.351E-21 1.550E+01.04640.048 1346.60080.67-.003500              1              0                    P 26      487623 5 8 2 2 1 1    51.0   53.0
 51 2034.135174 2.204E-24 3.121E+01.05100.055 2942.30280.67-.003050              2              1                    P 20      477663 5 8 2 2 1 1    39.0   41.0
 51 2034.408303 5.566E-28 4.724E+01.05550.061 4656.17240.72-.002778              3              2                    P 14      467665 5 8 2 2 1 7    27.0   29.0
 51 2037.025324 5.239E-21 1.562E+01.04690.050 1247.05920.67-.003500              1              0                    P 25      487623 5 8 2 2 1 1    49.0   51.0
 51 2038.582374 3.036E-24 3.145E+01.05190.056 2866.29750.67-.003410              2              1                    P 19      477663 5 8 2 2 1 1    37.0   39.0
 51 2038.624974 6.693E-28 4.766E+01.05610.061 4603.38890.73-.002718              3              2                    P 13      467665 5 8 2 2 1 7    25.0   27.0
 51 2041.666460 8.026E-21 1.573E+01.04750.051 1151.31500.67-.003500              1              0                    P 24      487623 5 8 2 2 1 1    47.0   49.0
 51 2042.808552 7.856E-28 4.811E+01.05670.062 4554.36700.74-.002750              3              2                    P 12      467665 5 8 2 2 1 7    23.0   25.0
 51 2042.997357 4.094E-24 3.170E+01.05270.057 2794.07430.68-.003500              2              1                    P 18      477663 5 8 2 2 1 1    35.0   37.0
 51 2046.276109 1.205E-20 1.585E+01.04830.052 1059.37180.67-.002980              1              0                    P 23      487623 5 8 2 2 1 1    45.0   47.0
 51 2046.958891 8.991E-28 4.859E+01.05730.063 4509.10880.75-.002700              3              2                    P 11      467665 5 8 2 2 1 7    21.0   23.0
 51 2047.379978 5.404E-24 3.195E+01.05350.058 2725.63610.69-.003350              2              1                    P 17      477663 5 8 2 2 1 1    33.0   35.0
 51 2050.854126 1.773E-20 1.597E+01.04910.053  971.23320.67-.003350              1              0                    P 22      487623 5 8 2 2 1 1    43.0   45.0
 51 2051.075844 1.002E-27 4.912E+01.05800.064 4467.61580.75-.002665              3              2                    P 10      467665 5 8 2 2 1 7    19.0   21.0
 51 2051.730090 6.978E-24 3.221E+01.05420.059 2660.98550.70-.003290              2              1                    P 16      477663 5 8 2 2 1 1    31.0   33.0
 51 2055.159265 1.085E-27 4.970E+01.05890.066 4429.88980.75-.002610              3              2                    P  9      467665 5 8 2 2 1 7    17.0   19.0
 51 2055.400364 2.555E-20 1.610E+01.05000.054  886.90240.67-.003630              1              0                    P 21      487623 5 8 2 2 1 1    41.0   43.0
 51 2056.047547 8.812E-24 3.248E+01.05490.060 2600.12490.71-.003260              2              1                    P 15      477663 5 8 2 2 1 1    29.0   31.0
 51 2059.209006 1.140E-27 5.036E+01.05990.067 4395.93220.75-.002540              3              2                    P  8      467665 5 8 2 2 1 7    15.0   17.0
 51 2059.914677 3.607E-20 1.622E+01.05100.055  806.38280.67-.003050              1              0                    P 20      487663 5 8 2 2 1 1    39.0   41.0
 51 2060.332203 1.088E-23 3.277E+01.05550.061 2543.05670.72-.003350              2              1                    P 14      477663 5 8 2 2 1 1    27.0   29.0
 51 2063.224922 1.158E-27 5.115E+01.06120.069 4365.74430.75-.002472              3              2                    P  7      467665 5 8 2 2 1 7    13.0   15.0
 51 2064.396920 4.985E-20 1.635E+01.05190.056  729.67740.67-.003410              1              0                    P 19      487663 5 8 2 2 1 1    37.0   39.0
 51 2064.583910 1.311E-23 3.306E+01.05610.061 2489.78310.73-.003510              2              1                    P 13      477663 5 8 2 2 1 1    25.0   27.0
 51 2067.206865 1.130E-27 5.211E+01.06290.070 4339.32740.74-.002358              3              2                    P  6      467665 5 8 2 2 1 7    11.0   13.0
 51 2068.802522 1.542E-23 3.337E+01.05670.062 2440.30620.74-.003410              2              1                    P 12      477663 5 8 2 2 1 1    23.0   25.0
 51 2068.846945 6.744E-20 1.648E+01.05270.057  656.78920.68-.003500              1              0                    P 18      487663 5 8 2 2 1 1    35.0   37.0
 51 2071.154689 1.054E-27 5.338E+01.06500.073 4316.68240.74-.002177              3              2                    P  5      467665 5 8 2 2 1 7     9.0   11.0
 51 2072.987893 1.769E-23 3.371E+01.05730.063 2394.62790.75-.003620              2              1                    P 11      477663 5 8 2 2 1 1    21.0   23.0
 51 2073.264607 8.929E-20 1.661E+01.05350.058  587.72090.69-.003350              1              0                    P 17      487663 5 8 2 2 1 1    33.0   35.0
 51 2075.068247 9.256E-28 5.522E+01.06760.075 4297.81020.74-.001888              3              2                    P  4      467665 5 8 2 2 1 7     7.0    9.0
 51 2077.139876 1.975E-23 3.408E+01.05800.064 2352.74990.75-.003570              2              1                    P 10      477663 5 8 2 2 1 1    19.0   21.0
 51 2077.649758 1.156E-19 1.674E+01.05420.059  522.47510.70-.003290              1              0                    P 16      487663 5 8 2 2 1 1    31.0   33.0
 51 2078.947391 7.485E-28 5.831E+01.07090.079 4282.71160.74-.001530              3              2                    P  3      467665 5 8 2 2 1 7     5.0    7.0
 51 2081.258324 2.143E-23 3.448E+01.05890.066 2314.67390.75-.003590              2              1                    P  9      477663 5 8 2 2 1 1    17.0   19.0
 51 2082.002253 1.464E-19 1.689E+01.05490.060  461.05440.71-.003260              1              0                    P 15      487663 5 8 2 2 1 1    29.0   31.0
 51 2082.791976 5.282E-28 6.515E+01.07480.082 4271.38710.75-.001335              3              2                    P  2      467665 5 8 2 2 1 7     3.0    5.0
 51 2085.343090 2.255E-23 3.494E+01.05990.067 2280.40120.75-.003580              2              1                    P  8      477663 5 8 2 2 1 1    15.0   17.0
 51 2086.321945 1.812E-19 1.703E+01.05550.061  403.46120.72-.003350              1              0                    P 14      487663 5 8 2 2 1 1    27.0   29.0
 51 2086.601854 2.745E-28 9.827E+01.07970.086 4263.83720.76-.001262              3              2                    P  1      467665 5 8 2 2 1 7     1.0    3.0
 51 2089.394028 2.292E-23 3.548E+01.06120.069 2249.93340.75-.003490              2              1                    P  7      477663 5 8 2 2 1 1    13.0   15.0
 51 2090.608687 2.189E-19 1.719E+01.05610.061  349.69750.73-.003510              1              0                    P 13      487663 5 8 2 2 1 1    25.0   27.0
 51 2093.410991 2.241E-23 3.615E+01.06290.070 2223.27140.74-.003440              2              1                    P  6      477663 5 8 2 2 1 1    11.0   13.0
 51 2094.116902 2.806E-28 3.312E+01.07970.086 4260.06220.76-.001793              3              2                    R  0      467665 5 8 2 2 1 7     3.0    1.0
 51 2094.862333 2.581E-19 1.735E+01.05670.062  299.76560.74-.003410              1              0                    P 12      487663 5 8 2 2 1 1    23.0   25.0
 51 2097.393832 2.091E-23 3.704E+01.06500.073 2200.41640.74-.003310              2              1                    P  5      477663 5 8 2 2 1 1     9.0   11.0
 51 2097.821778 5.521E-28 3.996E+01.07480.082 4263.83720.75-.001955              3              2                    R  1      467665 5 8 2 2 1 7     5.0    3.0
 51 2099.082735 2.967E-19 1.752E+01.05730.063  253.66720.75-.003620              1              0                    P 11      487663 5 8 2 2 1 1    21.0   23.0
 51 2101.342404 1.839E-23 3.831E+01.06760.075 2181.36920.74-.003090              2              1                    P  4      477663 5 8 2 2 1 1     7.0    9.0
 51 2101.491360 7.998E-28 4.304E+01.07090.079 4271.38710.74-.001990              3              2                    R  2      467665 5 8 2 2 1 7     7.0    5.0
 51 2103.269747 3.319E-19 1.771E+01.05800.064  211.40410.75-.003570              1              0                    P 10      487663 5 8 2 2 1 1    19.0   21.0
 51 2105.125500 1.011E-27 4.488E+01.06760.075 4282.71160.74-.001938              3              2                    R  3      467665 5 8 2 2 1 7     9.0    7.0
 51 2105.256560 1.488E-23 4.046E+01.07090.079 2166.13050.74-.002030              2              1                    P  3      477663 5 8 2 2 1 1     5.0    7.0
 51 2107.423222 3.607E-19 1.793E+01.05890.066  172.97800.75-.003590              1              0                    P  9      487663 5 8 2 2 1 1    17.0   19.0
 51 2108.724053 1.177E-27 4.614E+01.06500.073 4297.81020.74-.001847              3              2                    R  4      467665 5 8 2 2 1 7    11.0    9.0
 51 2109.136154 1.051E-23 4.521E+01.07480.082 2154.70100.75-.002660              2              1                    P  2      477663 5 8 2 2 1 1     3.0    5.0
 51 2111.543014 3.801E-19 1.817E+01.05990.067  138.39040.75-.003580              1              0                    P  8      487663 5 8 2 2 1 1    15.0   17.0
 51 2112.286871 1.291E-27 4.709E+01.06290.070 4316.68240.74-.001807              3              2                    R  5      467665 5 8 2 2 1 7    13.0   11.0
 51 2112.981038 5.463E-24 6.819E+01.07970.086 2147.08110.76-.003010              2              1                    P  1      477663 5 8 2 2 1 1     1.0    3.0
 51 2115.628975 3.870E-19 1.845E+01.06120.069  107.64240.75-.003490              1              0                    P  7      487663 5 8 2 2 1 1    13.0   15.0
 51 2115.813807 1.351E-27 4.786E+01.06120.069 4339.32740.75-.001783              3              2                    R  6      467665 5 8 2 2 1 7    15.0   13.0
 51 2119.304715 1.361E-27 4.851E+01.05990.067 4365.74430.75-.001760              3              2                    R  7      467665 5 8 2 2 1 7    17.0   15.0
 51 2119.680959 3.789E-19 1.880E+01.06290.070   80.73540.74-.003440              1              0                    P  6      487663 5 8 2 2 1 1    11.0   13.0
 51 2120.566089 5.586E-24 2.298E+01.07970.086 2143.27110.76-.002100              2              1                    R  0      477663 5 8 2 2 1 1     3.0    1.0
 51 2122.759447 1.324E-27 4.908E+01.05890.066 4395.93220.75-.001710              3              2                    R  8      467665 5 8 2 2 1 7    19.0   17.0
 51 2123.698818 3.539E-19 1.926E+01.06500.073   57.67040.74-.003310              1              0                    P  5      487663 5 8 2 2 1 1     9.0   11.0
 51 2124.305963 1.099E-23 2.773E+01.07480.082 2147.08110.75-.002400              2              1                    R  1      477663 5 8 2 2 1 1     5.0    3.0
 51 2126.177857 1.250E-27 4.959E+01.05800.064 4429.88980.75-.001685              3              2                    R  9      467665 5 8 2 2 1 7    21.0   19.0
 51 2127.682406 3.114E-19 1.992E+01.06760.075   38.44810.74-.003090              1              0                    P  4      487663 5 8 2 2 1 1     7.0    9.0
 51 2128.010540 1.591E-23 2.987E+01.07090.079 2154.70100.74-.002620              2              1                    R  2      477663 5 8 2 2 1 1     7.0    5.0
 51 2129.559799 1.147E-27 5.006E+01.05730.063 4467.61580.75-.001660              3              2                    R 10      467665 5 8 2 2 1 7    23.0   21.0
 51 2131.631576 2.522E-19 2.104E+01.07090.079   23.06950.74-.002030              1              0                    P  3      487663 5 8 2 2 1 1     5.0    7.0
 51 2131.679673 2.011E-23 3.114E+01.06760.075 2166.13050.74-.002530              2              1                    R  3      477663 5 8 2 2 1 1     9.0    7.0
 51 2132.905125 1.024E-27 5.049E+01.05670.062 4509.10880.74-.001650              3              2                    R 11      467665 5 8 2 2 1 7    25.0   23.0
 51 2135.313215 2.339E-23 3.202E+01.06500.073 2181.36920.74-.002660              2              1                    R  4      477663 5 8 2 2 1 1    11.0    9.0
 51 2135.546180 1.782E-19 2.351E+01.07480.082   11.53500.75-.002660              1              0                    P  2      487663 5 8 2 2 1 1     3.0    5.0
 51 2136.213688 8.921E-28 5.089E+01.05610.061 4554.36700.73-.001707              3              2                    R 12      467665 5 8 2 2 1 7    27.0   25.0
 51 2138.911020 2.563E-23 3.269E+01.06290.070 2200.41640.74-.002590              2              1                    R  5      477663 5 8 2 2 1 1    13.0   11.0
 51 2139.426073 9.268E-20 3.546E+01.07970.086    3.84500.76-.003010              1              0                    P  1      487663 5 8 2 2 1 1     1.0    3.0
 51 2139.485343 7.583E-28 5.127E+01.05550.061 4603.38890.72-.001768              3              2                    R 13      467665 5 8 2 2 1 7    29.0   27.0
 51 2142.472940 2.681E-23 3.322E+01.06120.069 2223.27140.75-.002540              2              1                    R  6      477663 5 8 2 2 1 1    15.0   13.0
 51 2142.719943 6.298E-28 5.164E+01.05490.060 4656.17240.71-.001820              3              2                    R 14      467665 5 8 2 2 1 7    31.0   29.0
 51 2145.917341 5.112E-28 5.199E+01.05420.059 4712.71560.70-.001872              3              2                    R 15      467665 5 8 2 2 1 7    33.0   31.0
 51 2145.998829 2.697E-23 3.368E+01.05990.067 2249.93340.75-.002600              2              1                    R  7      477663 5 8 2 2 1 1    17.0   15.0
 51 2147.081134 9.480E-20 1.195E+01.07970.086    0.00000.76-.002100              1              0                    R  0      487663 5 8 2 2 1 1     3.0    1.0
 51 2149.077390 4.059E-28 5.233E+01.05350.058 4773.01610.69-.002070              3              2                    R 16      467665 5 8 2 2 1 7    35.0   33.0
 51 2149.488540 2.621E-23 3.407E+01.05890.066 2280.40120.75-.002420              2              1                    R  8      477663 5 8 2 2 1 1    19.0   17.0
 51 2150.856008 1.865E-19 1.442E+01.07480.082    3.84500.75-.002400              1              0                    R  1      487663 5 8 2 2 1 1     5.0    3.0
 51 2152.199945 3.153E-28 5.266E+01.05270.057 4837.07170.68-.002055              3              2                    R 17      467665 5 8 2 2 1 7    37.0   35.0
 51 2152.941927 2.470E-23 3.443E+01.05800.064 2314.67390.75-.002550              2              1                    R  9      477663 5 8 2 2 1 1    21.0   19.0
 51 2154.595583 2.700E-19 1.554E+01.07090.079   11.53500.74-.002620              1              0                    R  2      487663 5 8 2 2 1 1     7.0    5.0
 51 2155.284858 2.398E-28 5.297E+01.05190.056 4904.87990.67-.002225              3              2                    R 18      467665 5 8 2 2 1 7    39.0   37.0
 51 2156.358842 2.262E-23 3.475E+01.05730.063 2352.74990.75-.002540              2              1                    R 10      477663 5 8 2 2 1 1    23.0   21.0
 51 2158.299712 3.410E-19 1.620E+01.06760.075   23.06950.74-.002530              1              0                    R  3      487663 5 8 2 2 1 1     9.0    7.0
 51 2158.331984 1.786E-28 5.328E+01.05100.055 4976.43800.67-.002318              3              2                    R 19      467665 5 8 2 2 1 7    41.0   39.0
 51 2159.739140 2.017E-23 3.505E+01.05670.062 2394.62790.74-.002500              2              1                    R 11      477663 5 8 2 2 1 1    25.0   23.0
 51 2161.341176 1.303E-28 5.359E+01.05000.054 5051.74320.67-.002228              3              2                    R 20      467665 5 8 2 2 1 7    43.0   41.0
 51 2161.968247 3.963E-19 1.665E+01.06500.073   38.44810.74-.002660              1              0                    R  4      487663 5 8 2 2 1 1    11.0    9.0
 51 2163.082673 1.753E-23 3.533E+01.05610.061 2440.30620.73-.002580              2              1                    R 12      477663 5 8 2 2 1 1    27.0   25.0
 51 2164.312288 9.308E-29 5.388E+01.04910.053 5130.79260.67-.003005              3              2                    R 21      467665 5 8 2 2 1 7    45.0   43.0
 51 2165.601042 4.340E-19 1.700E+01.06290.070   57.67040.74-.002590              1              0                    R  5      487663 5 8 2 2 1 1    13.0   11.0
 51 2166.389295 1.487E-23 3.560E+01.05550.061 2489.78310.72-.002590              2              1                    R 13      477663 5 8 2 2 1 1    29.0   27.0
 51 2167.245173 6.518E-29 5.417E+01.04830.052 5213.58320.67-.002712              3              2                    R 22      467665 5 8 2 2 1 7    47.0   45.0
 51 2169.197950 4.535E-19 1.728E+01.06120.069   80.73540.75-.002540              1              0                    R  6      487663 5 8 2 2 1 1    15.0   13.0
 51 2169.658860 1.232E-23 3.586E+01.05490.060 2543.05670.71-.002640              2              1                    R 14      477663 5 8 2 2 1 1    31.0   29.0
 51 2170.139686 4.474E-29 5.446E+01.04750.051 5300.11170.67-.002712              3              2                    R 23      467665 5 8 2 2 1 7    49.0   47.0
 51 2172.758825 4.556E-19 1.752E+01.05990.067  107.64240.75-.002600              1              0                    R  7      487663 5 8 2 2 1 1    17.0   15.0
 51 2172.891222 9.978E-24 3.610E+01.05420.059 2600.12490.70-.002690              2              1                    R 15      477663 5 8 2 2 1 1    33.0   31.0
 51 2172.995681 3.010E-29 5.474E+01.04690.050 5390.37470.67-.002712              3              2                    R 24      467665 5 8 2 2 1 7    51.0   49.0
 51 2175.813011 1.986E-29 5.501E+01.04640.048 5484.36870.67-.002712              3              2                    R 25      467665 5 8 2 2 1 7    53.0   51.0
 51 2176.086233 7.901E-24 3.634E+01.05350.058 2660.98550.69-.002740              2              1                    R 16      477663 5 8 2 2 1 1    35.0   33.0
 51 2176.283519 4.423E-19 1.772E+01.05890.066  138.39040.75-.002420              1              0                    R  8      487663 5 8 2 2 1 1    19.0   17.0
 51 2178.591531 1.285E-29 5.528E+01.04570.047 5582.09010.67-.002712              3              2                    R 26      467665 5 8 2 2 1 7    55.0   53.0
 51 2179.243748 6.121E-24 3.657E+01.05270.057 2725.63610.68-.002870              2              1                    R 17      477663 5 8 2 2 1 1    37.0   35.0
 51 2179.771887 4.162E-19 1.791E+01.05800.064  172.97800.75-.002550              1              0                    R  9      487663 5 8 2 2 1 1    21.0   19.0
 51 2181.331094 8.149E-30 5.555E+01.04510.046 5683.53510.67-.002712              3              2                    R 27      467665 5 8 2 2 1 7    57.0   55.0
 51 2182.363620 4.641E-24 3.679E+01.05190.056 2794.07430.67-.002650              2              1                    R 18      477663 5 8 2 2 1 1    39.0   37.0
 51 2183.223781 3.805E-19 1.808E+01.05730.063  211.40410.75-.002540              1              0                    R 10      487663 5 8 2 2 1 1    23.0   21.0
 51 2184.031555 5.071E-30 5.581E+01.04460.045 5788.69960.67-.002712              3              2                    R 28      467665 5 8 2 2 1 7    59.0   57.0
 51 2185.445703 3.445E-24 3.701E+01.05100.055 2866.29750.67-.002790              2              1                    R 19      477663 5 8 2 2 1 1    41.0   39.0
 51 2186.639055 3.387E-19 1.824E+01.05670.062  253.66720.74-.002500              1              0                    R 11      487663 5 8 2 2 1 1    25.0   23.0
 51 2186.692768 3.095E-30 5.607E+01.04410.043 5897.57960.67-.002712              3              2                    R 29      467665 5 8 2 2 1 7    61.0   59.0
 51 2188.489851 2.504E-24 3.722E+01.05000.054 2942.30280.67-.003130              2              1                    R 20      477623 5 8 2 2 1 1    43.0   41.0
 51 2189.314587 1.853E-30 5.633E+01.04360.043 6010.17090.67-.002712              3              2                    R 30      457665 5 8 2 2 1 7    63.0   61.0
 51 2190.017563 2.938E-19 1.838E+01.05610.061  299.76560.73-.002580              1              0                    R 12      487663 5 8 2 2 1 1    27.0   25.0
 51 2191.495919 1.783E-24 3.743E+01.04910.053 3022.08730.67-.003140              2              1                    R 21      477623 5 8 2 2 1 1    45.0   43.0
 51 2191.896867 1.089E-30 5.658E+01.04300.042 6126.46910.67-.002712              3              2                    R 31      457665 5 8 2 2 1 7    65.0   63.0
 51 2193.359157 2.487E-19 1.852E+01.05550.061  349.69750.72-.002590              1              0                    R 13      487663 5 8 2 2 1 1    29.0   27.0
 51 2194.439462 6.275E-31 5.683E+01.04250.041 6246.46950.67-.002712              3              2                    R 32      457665 5 8 2 2 1 7    67.0   65.0
 51 2194.463759 1.244E-24 3.763E+01.04830.052 3105.64790.67-.002780              2              1                    R 22      477623 5 8 2 2 1 1    47.0   45.0
 51 2196.663693 2.056E-19 1.866E+01.05490.060  403.46120.71-.002640              1              0                    R 14      487663 5 8 2 2 1 1    31.0   29.0
 51 2196.942226 3.549E-31 5.707E+01.04200.041 6370.16770.67-.002712              3              2                    R 33      457665 5 8 2 2 1 7    69.0   67.0
 51 2197.393227 8.508E-25 3.783E+01.04750.051 3192.98150.67-.002880              2              1                    R 23      477623 5 8 2 2 1 1    49.0   47.0
 51 2199.405015 1.970E-31 5.731E+01.04200.041 6497.55860.67-.002712              3              2                    R 34      457665 5 8 2 2 1 7    71.0   69.0
 51 2199.931023 1.660E-19 1.879E+01.05420.059  461.05440.70-.002690              1              0                    R 15      487663 5 8 2 2 1 1    33.0   31.0
 51 2200.284176 5.701E-25 3.803E+01.04690.050 3284.08460.67-.002680              2              1                    R 24      477623 5 8 2 2 1 1    51.0   49.0
 51 2201.827683 1.073E-31 5.755E+01.04200.041 6628.63740.67-.002712              3              2                    R 35      457665 5 8 2 2 1 7    73.0   71.0
 51 2203.136460 3.745E-25 3.822E+01.04640.048 3378.95370.67-.003000              2              1                    R 25      477623 5 8 2 2 1 1    53.0   51.0
 51 2203.161001 1.311E-19 1.891E+01.05350.058  522.47510.69-.002740              1              0                    R 16      487663 5 8 2 2 1 1    35.0   33.0
 51 2205.949934 2.412E-25 3.841E+01.04570.047 3477.58510.67-.003000              2              1                    R 26      476623 5 8 2 2 1 1    55.0   53.0
 51 2206.353482 1.013E-19 1.903E+01.05270.057  587.72090.68-.002870              1              0                    R 17      487663 5 8 2 2 1 1    37.0   35.0
 51 2208.724452 1.523E-25 3.860E+01.04510.046 3579.97510.67-.003000              2              1                    R 27      476623 5 8 2 2 1 1    57.0   55.0
 51 2209.508319 7.657E-20 1.915E+01.05190.056  656.78920.67-.002650              1              0                    R 18      487663 5 8 2 2 1 1    39.0   37.0
 51 2211.459869 9.435E-26 3.879E+01.04460.045 3686.11980.67-.003000              2              1                    R 28      476623 5 8 2 2 1 1    59.0   57.0
 51 2212.625365 5.666E-20 1.926E+01.05100.055  729.67740.67-.002790              1              0                    R 19      487663 5 8 2 2 1 1    41.0   39.0
 51 2214.156039 5.731E-26 3.897E+01.04410.043 3796.01490.67-.003000              2              1                    R 29      476623 5 8 2 2 1 1    61.0   59.0
 51 2215.704476 4.105E-20 1.937E+01.05000.054  806.38280.67-.003130              1              0                    R 20      487623 5 8 2 2 1 1    43.0   41.0
 51 2216.812816 3.414E-26 3.915E+01.04360.043 3909.65620.67-.003000              2              1                    R 30      466623 5 8 2 2 1 1    63.0   61.0
 51 2218.745505 2.913E-20 1.948E+01.04910.053  886.90240.67-.003140              1              0                    R 21      487623 5 8 2 2 1 1    45.0   43.0
 51 2219.430056 1.995E-26 3.933E+01.04300.042 4027.03950.67-.003000              2              1                    R 31      466623 5 8 2 2 1 1    65.0   63.0
 51 2221.748306 2.025E-20 1.959E+01.04830.052  971.23320.67-.002780              1              0                    R 22      487623 5 8 2 2 1 1    47.0   45.0
 51 2222.007612 1.144E-26 3.950E+01.04250.041 4148.16010.67-.003000              2              1                    R 32      466623 5 8 2 2 1 1    67.0   65.0
 51 2224.545341 6.435E-27 3.968E+01.04200.041 4273.01330.67-.003000              2              1                    R 33      466623 5 8 2 2 1 1    69.0   67.0
 51 2224.712734 1.379E-20 1.970E+01.04750.051 1059.37180.67-.002880              1              0                    R 23      487623 5 8 2 2 1 1    49.0   47.0
 51 2227.043097 3.551E-27 3.985E+01.04200.041 4401.59430.67-.003000              2              1                    R 34      466623 5 8 2 2 1 1    71.0   69.0
 51 2227.638643 9.206E-21 1.980E+01.04690.050 1151.31500.67-.002680              1              0                    R 24      487623 5 8 2 2 1 1    51.0   49.0
 51 2229.500734 1.923E-27 4.002E+01.04200.041 4533.89830.67-.003000              2              1                    R 35      466223 5 8 2 2 1 1    73.0   71.0
 51 2230.525888 6.022E-21 1.990E+01.04640.048 1247.05920.67-.003000              1              0                    R 25      487623 5 8 2 2 1 1    53.0   51.0
 51 2231.918108 1.022E-27 4.018E+01.04200.041 4669.92000.67-.003000              2              1                    R 36      466223 5 8 2 2 1 1    75.0   73.0
 51 2233.374323 3.862E-21 2.000E+01.04570.047 1346.60080.67-.003000              1              0                    R 26      486623 5 8 2 2 1 1    55.0   53.0
 51 2234.295073 5.331E-28 4.035E+01.04200.041 4809.65410.67-.003000              2              1                    R 37      466223 5 8 2 2 1 1    77.0   75.0
 51 2236.183803 2.428E-21 2.010E+01.04510.046 1449.93590.67-.003000              1              0                    R 27      486623 5 8 2 2 1 1    57.0   55.0
 51 2236.631486 2.729E-28 4.051E+01.04200.041 4953.09540.67-.003000              2              1                    R 38      466223 5 8 2 2 1 1    79.0   77.0
 51 2238.927200 1.371E-28 4.067E+01.04200.041 5100.23820.67-.003000              2              1                    R 39      466223 5 8 2 2 1 1    81.0   79.0
 51 2238.954182 1.497E-21 2.020E+01.04460.045 1557.06070.67-.003000              1              0                    R 28      486623 5 8 2 2 1 1    59.0   57.0
 51 2241.182072 6.761E-29 4.083E+01.04200.041 5251.07690.67-.003000              2              1                    R 40      466223 5 8 2 2 1 1    83.0   81.0
 51 2241.685315 9.046E-22 2.030E+01.04410.043 1667.97090.67-.003000              1              0                    R 29      486623 5 8 2 2 1 1    61.0   59.0
 51 2243.395957 3.273E-29 4.098E+01.04200.041 5405.60560.67-.003000              2              1                    R 41      466223 5 8 2 2 1 1    85.0   83.0
 51 2244.377056 5.362E-22 2.039E+01.04360.043 1782.66240.67-.003000              1              0                    R 30      476623 5 8 2 2 1 1    63.0   61.0
 51 2245.568710 1.555E-29 4.114E+01.04200.041 5563.81840.67-.003000              2              1                    R 42      466223 5 8 2 2 1 1    87.0   85.0
 51 2247.029262 3.117E-22 2.048E+01.04300.042 1901.13080.67-.003000              1              0                    R 31      476623 5 8 2 2 1 1    65.0   63.0
 51 2247.700187 7.257E-30 4.129E+01.04200.041 5725.70900.67-.003000              2              1                    R 43      466223 5 8 2 2 1 1    89.0   87.0
 51 2249.641788 1.778E-22 2.058E+01.04250.041 2023.37150.67-.003000              1              0                    R 32      476623 5 8 2 2 1 1    67.0   65.0
 51 2249.790242 3.324E-30 4.144E+01.04200.041 5891.27140.67-.003000              2              1                    R 44      466223 5 8 2 2 1 1    91.0   89.0
 51 2251.838733 1.495E-30 4.159E+01.04200.041 6060.49900.67-.003000              2              1                    R 45      466223 5 8 2 2 1 1    93.0   91.0
 51 2252.214487 9.944E-23 2.067E+01.04200.041 2149.37990.67-.003000              1              0                    R 33      476623 5 8 2 2 1 1    69.0   67.0
 51 2253.845514 6.602E-31 4.174E+01.04200.041 6233.38530.67-.003000              2              1                    R 46      466223 5 8 2 2 1 1    95.0   93.0
 51 2254.747216 5.457E-23 2.076E+01.04200.041 2279.15110.67-.003000              1              0                    R 34      476623 5 8 2 2 1 1    71.0   69.0
 51 2255.810441 2.863E-31 4.188E+01.04200.041 6409.92360.67-.003000              2              1                    R 47      466223 5 8 2 2 1 1    97.0   95.0
 51 2257.239829 2.938E-23 2.085E+01.04200.041 2412.68010.67-.003000              1              0                    R 35      476223 5 8 2 2 1 1    73.0   71.0
 51 2257.733370 1.219E-31 4.202E+01.04200.041 6590.10710.67-.003000              2              1                    R 48      466223 5 8 2 2 1 1    99.0   97.0
 51 2259.692183 1.552E-23 2.094E+01.04200.041 2549.96200.67-.003000              1              0                    R 36      476223 5 8 2 2 1 1    75.0   73.0
 51 2262.104132 8.044E-24 2.102E+01.04200.041 2690.99130.67-.003000              1              0                    R 37      476223 5 8 2 2 1 1    77.0   75.0
 51 2264.475532 4.091E-24 2.111E+01.04200.041 2835.76270.67-.003000              1              0                    R 38      476223 5 8 2 2 1 1    79.0   77.0
 51 2266.806239 2.042E-24 2.120E+01.04200.041 2984.27070.67-.003000              1              0                    R 39      476223 5 8 2 2 1 1    81.0   79.0
 51 2269.096108 1.000E-24 2.128E+01.04200.041 3136.50950.67-.003000              1              0                    R 40      476223 5 8 2 2 1 1    83.0   81.0
 51 2271.344996 4.809E-25 2.136E+01.04200.041 3292.47340.67-.003000              1              0                    R 41      476223 5 8 2 2 1 1    85.0   83.0
 51 2273.552757 2.269E-25 2.145E+01.04200.041 3452.15630.67-.003000              1              0                    R 42      476223 5 8 2 2 1 1    87.0   85.0
 51 2275.719249 1.051E-25 2.153E+01.04200.041 3615.55210.67-.003000              1              0                    R 43      476223 5 8 2 2 1 1    89.0   87.0
 51 2277.844326 4.779E-26 2.161E+01.04200.041 3782.65460.67-.003000              1              0                    R 44      476223 5 8 2 2 1 1    91.0   89.0
 51 2279.927846 2.133E-26 2.169E+01.04200.041 3953.45740.67-.003000              1              0                    R 45      476223 5 8 2 2 1 1    93.0   91.0
 51 2281.969664 9.347E-27 2.176E+01.04200.041 4127.95390.67-.003000              1              0                    R 46      476223 5 8 2 2 1 1    95.0   93.0
 51 2283.969636 4.021E-27 2.184E+01.04200.041 4306.13750.67-.003000              1              0                    R 47      476223 5 8 2 2 1 1    97.0   95.0
 51 2285.927619 1.699E-27 2.192E+01.04200.041 4488.00120.67-.003000              1              0                    R 48      476223 5 8 2 2 1 1    99.0   97.0
 51 2287.843469 7.045E-28 2.199E+01.04200.041 4673.53810.67-.003000              1              0                    R 49      476223 5 8 2 2 1 1   101.0   99.0
 51 2289.717042 2.869E-28 2.207E+01.04200.041 4862.74110.67-.003000              1              0                    R 50      376223 5 8 2 2 1 1   103.0  101.0
 51 2291.548195 1.147E-28 2.214E+01.04200.041 5055.60290.67-.003000              1              0                    R 51      376223 5 8 2 2 1 1   105.0  103.0
 51 2293.336784 4.506E-29 2.221E+01.04200.041 5252.11620.67-.003000              1              0                    R 52      376223 5 8 2 2 1 1   107.0  105.0
 51 2295.082667 1.738E-29 2.228E+01.04200.041 5452.27330.67-.003000              1              0                    R 53      376223 5 8 2 2 1 1   109.0  107.0
 51 2296.785698 6.582E-30 2.235E+01.04200.041 5656.06660.67-.003000              1              0                    R 54      376223 5 8 2 2 1 1   111.0  109.0
 51 2298.445736 2.449E-30 2.242E+01.04200.041 5863.48830.67-.003000              1              0                    R 55      376223 5 8 2 2 1 1   113.0  111.0
 51 2300.062637 8.949E-31 2.249E+01.04200.041 6074.53040.67-.003000              1              0                    R 56      376223 5 8 2 2 1 1   115.0  113.0
 51 2301.636256 3.212E-31 2.255E+01.04200.041 6289.18470.67-.003000              1              0                    R 57      376223 5 8 2 2 1 1   117.0  115.0
 51 2303.166452 1.133E-31 2.262E+01.04200.041 6507.44310.67-.003000              1              0                    R 58      376223 5 8 2 2 1 1   119.0  117.0
 51 3970.718034 2.264E-31 3.476E-01.04200.041 5252.11620.74-.005000              2              0                    P 52      376223 5 8 2 2 2 1   103.0  105.0
 51 3977.940024 5.796E-31 3.504E-01.04200.041 5055.60290.74-.005000              2              0                    P 51      376223 5 8 2 2 2 1   101.0  103.0
 51 3985.099380 1.457E-30 3.532E-01.04200.041 4862.74110.74-.005000              2              0                    P 50      476223 5 8 2 2 2 1    99.0  101.0
 51 3988.681183 1.282E-31 1.121E+00.04200.041 5563.81840.70-.005000              3              1                    P 42      462223 5 8 3 3 2 1    83.0   85.0
 51 3992.195964 3.598E-30 3.561E-01.04200.041 4673.53810.74-.005000              2              0                    P 49      476223 5 8 2 2 2 1    97.0   99.0
 51 3995.235519 2.712E-31 1.130E+00.04200.041 5405.60560.70-.005000              3              1                    P 41      462223 5 8 3 3 2 1    81.0   83.0
 51 3999.229636 8.723E-30 3.590E-01.04200.041 4488.00120.74-.005000              2              0                    P 48      476223 5 8 2 2 2 1    95.0   97.0
 51 4001.725809 5.633E-31 1.139E+00.04200.041 5251.07690.70-.005000              3              1                    P 40      462223 5 8 3 3 2 1    79.0   81.0
 51 4006.200258 2.076E-29 3.619E-01.04200.041 4306.13750.74-.005000              2              0                    P 47      476223 5 8 2 2 2 1    93.0   95.0
 51 4008.151913 1.149E-30 1.149E+00.04200.041 5100.23820.70-.005000              3              1                    P 39      462223 5 8 3 3 2 1    77.0   79.0
 51 4013.107689 4.854E-29 3.649E-01.04200.041 4127.95390.74-.005000              2              0                    P 46      476223 5 8 2 2 2 1    91.0   93.0
 51 4014.513688 2.299E-30 1.158E+00.04200.041 4953.09540.70-.005000              3              1                    P 38      462223 5 8 3 3 2 1    75.0   77.0
 51 4019.951789 1.114E-28 3.679E-01.04200.041 3953.45740.74-.005000              2              0                    P 45      476223 5 8 2 2 2 1    89.0   91.0
 51 4020.810991 4.517E-30 1.168E+00.04200.041 4809.65410.70-.005000              3              1                    P 37      462223 5 8 3 3 2 1    73.0   75.0
 51 4026.732418 2.510E-28 3.709E-01.04200.041 3782.65460.74-.005000              2              0                    P 44      476223 5 8 2 2 2 1    87.0   89.0
 51 4027.043680 8.710E-30 1.177E+00.04200.041 4669.92000.70-.005000              3              1                    P 36      462223 5 8 3 3 2 1    71.0   73.0
 51 4028.392595 1.005E-31 2.512E+00.04570.048 5683.53510.70-.005590              4              2                    P 27      466665 5 8 3 3 2 7    53.0   55.0
 51 4033.211613 1.648E-29 1.187E+00.04200.041 4533.89830.70-.005000              3              1                    P 35      462223 5 8 3 3 2 1    69.0   71.0
 51 4033.449435 5.551E-28 3.739E-01.04200.041 3615.55210.74-.005000              2              0                    P 43      476223 5 8 2 2 2 1    85.0   87.0
 51 4033.936141 1.592E-31 2.534E+00.04640.049 5582.09010.71-.005590              4              2                    P 26      466665 5 8 3 3 2 7    51.0   53.0
 51 4039.314646 3.061E-29 1.197E+00.04200.041 4401.59430.70-.005000              3              1                    P 34      462223 5 8 3 3 2 1    67.0   69.0
 51 4039.413489 2.475E-31 2.556E+00.04690.050 5484.36870.71-.005590              4              2                    P 25      466665 5 8 3 3 2 7    49.0   51.0
 51 4040.102697 1.205E-27 3.770E-01.04200.041 3452.15630.74-.005000              2              0                    P 42      476223 5 8 2 2 2 1    83.0   85.0
 51 4044.824495 3.771E-31 2.578E+00.04750.051 5390.37470.72-.005590              4              2                    P 24      466665 5 8 3 3 2 7    47.0   49.0
 51 4045.352635 5.577E-29 1.207E+00.04250.041 4273.01330.70-.005000              3              1                    P 33      462223 5 8 3 3 2 1    65.0   67.0
 51 4046.692065 2.569E-27 3.801E-01.04200.041 3292.47340.74-.005000              2              0                    P 41      476223 5 8 2 2 2 1    81.0   83.0
 51 4050.169014 5.633E-31 2.600E+00.04840.052 5300.11170.72-.005590              4              2                    P 23      468885 5 8 3 3 2 7    45.0   47.0
 51 4051.325438 9.970E-29 1.217E+00.04300.042 4148.16010.70-.005000              3              1                    P 32      466663 5 8 3 3 2 1    63.0   65.0
 51 4053.217395 5.374E-27 3.832E-01.04200.041 3136.50950.74-.005000              2              0                    P 40      476223 5 8 2 2 2 1    79.0   81.0
 51 4055.446900 8.247E-31 2.623E+00.04910.053 5213.58320.73-.005080              4              2                    P 22      468885 5 8 3 3 2 7    43.0   45.0
 51 4057.232911 1.749E-28 1.227E+00.04360.043 4027.03950.70-.005000              3              1                    P 31      466663 5 8 3 3 2 1    61.0   63.0
 51 4059.678545 1.103E-26 3.864E-01.04200.041 2984.27070.74-.005000              2              0                    P 39      476223 5 8 2 2 2 1    77.0   79.0
 51 4060.658009 1.183E-30 2.647E+00.05020.054 5130.79260.73-.005940              4              2                    P 21      468885 5 8 3 3 2 7    41.0   43.0
 51 4063.074909 3.009E-28 1.238E+00.04410.043 3909.65620.70-.005000              3              1                    P 30      476663 5 8 3 3 2 1    59.0   61.0
 51 4065.802194 1.664E-30 2.670E+00.05030.055 5051.74320.74-.005460              4              2                    P 20      468885 5 8 3 3 2 7    39.0   41.0
 51 4066.075373 2.223E-26 3.896E-01.04200.041 2835.76270.74-.005000              2              0                    P 38      476223 5 8 2 2 2 1    75.0   77.0
 51 4068.851287 5.080E-28 1.248E+00.04460.046 3796.01490.70-.005000              3              1                    P 29      476663 5 8 3 3 2 1    57.0   59.0
 51 4070.879311 2.291E-30 2.695E+00.05130.056 4976.43800.74-.005350              4              2                    P 19      468885 5 8 3 3 2 7    37.0   39.0
 51 4072.407736 4.397E-26 3.928E-01.04200.041 2690.99130.74-.005000              2              0                    P 37      476223 5 8 2 2 2 1    73.0   75.0
 51 4074.561902 8.410E-28 1.259E+00.04510.047 3686.11980.70-.005000              3              1                    P 28      476663 5 8 3 3 2 1    55.0   57.0
 51 4075.889213 3.090E-30 2.720E+00.05190.057 4904.87990.75-.005310              4              2                    P 18      468885 5 8 3 3 2 7    35.0   37.0
 51 4078.675491 8.532E-26 3.961E-01.04200.041 2549.96200.74-.005000              2              0                    P 36      476223 5 8 2 2 2 1    71.0   73.0
 51 4080.206608 1.365E-27 1.270E+00.04570.048 3579.97510.70-.005000              3              1                    P 27      476663 5 8 3 3 2 1    53.0   55.0
 51 4080.831756 4.079E-30 2.746E+00.05290.058 4837.07170.75-.005220              4              2                    P 17      468885 5 8 3 3 2 7    33.0   35.0
 51 4084.878494 1.625E-25 3.994E-01.04200.041 2412.68010.74-.005000              2              0                    P 35      476623 5 8 2 2 2 1    69.0   71.0
 51 4085.706792 5.270E-30 2.772E+00.05360.059 4773.01610.76-.005230              4              2                    P 16      468885 5 8 3 3 2 7    31.0   33.0
 51 4085.785262 2.174E-27 1.281E+00.04640.049 3477.58510.71-.005000              3              1                    P 26      476663 5 8 3 3 2 1    51.0   53.0
 51 4090.514176 6.659E-30 2.800E+00.05450.060 4712.71560.76-.005110              4              2                    P 15      468885 5 8 3 3 2 7    29.0   31.0
 51 4091.016602 3.035E-25 4.028E-01.04200.041 2279.15110.74-.005000              2              0                    P 34      476623 5 8 2 2 2 1    67.0   69.0
 51 4091.297718 3.394E-27 1.292E+00.04690.050 3378.95370.71-.005000              3              1                    P 25      476663 5 8 3 3 2 1    49.0   51.0
 51 4095.253762 8.225E-30 2.829E+00.05520.061 4656.17240.77-.005050              4              2                    P 14      468885 5 8 3 3 2 7    27.0   29.0
 51 4096.743830 5.193E-27 1.303E+00.04750.051 3284.08460.72-.005000              3              1                    P 24      476663 5 8 3 3 2 1    47.0   49.0
 51 4097.089671 5.563E-25 4.062E-01.04250.041 2149.37990.74-.005000              2              0                    P 33      476623 5 8 2 2 2 1    65.0   67.0
 51 4099.925403 9.926E-30 2.859E+00.05590.062 4603.38890.78-.004930              4              2                    P 13      468885 5 8 3 3 2 7    25.0   27.0
 51 4102.123454 7.790E-27 1.315E+00.04840.052 3192.98150.72-.005587              3              1                    P 23      478884 5 8 3 3 2 3    45.0   47.0
 51 4103.097556 1.000E-24 4.096E-01.04300.042 2023.37150.74-.005000              2              0                    P 32      476623 5 8 2 2 2 1    63.0   65.0
 51 4104.528953 1.169E-29 2.890E+00.05660.063 4554.36700.78-.004950              4              2                    P 12      468885 5 8 3 3 2 7    23.0   25.0
 51 4107.436444 1.145E-26 1.326E+00.04910.053 3105.64790.73-.005084              3              1                    P 22      478884 5 8 3 3 2 3    43.0   45.0
 51 4109.040115 1.764E-24 4.131E-01.04360.043 1901.13080.74-.005000              2              0                    P 31      476623 5 8 2 2 2 1    61.0   63.0
 51 4109.064265 1.343E-29 2.924E+00.05730.064 4509.10880.79-.004880              4              2                    P 11      468885 5 8 3 3 2 7    21.0   23.0
 51 4112.682654 1.650E-26 1.338E+00.05020.054 3022.08730.73-.005939              3              1                    P 21      478884 5 8 3 3 2 3    41.0   43.0
 51 4113.531195 1.502E-29 2.961E+00.05790.065 4467.61580.79-.004840              4              2                    P 10      468885 5 8 3 3 2 7    19.0   21.0
 51 4114.917200 3.052E-24 4.166E-01.04410.043 1782.66240.74-.005000              2              0                    P 30      486623 5 8 2 2 2 1    59.0   61.0
 51 4117.861938 2.328E-26 1.350E+00.05030.055 2942.30280.74-.005465              3              1                    P 20      478884 5 8 3 3 2 3    39.0   41.0
 51 4117.929593 1.633E-29 3.002E+00.05870.066 4429.88980.79-.004770              4              2                    P  9      468885 5 8 3 3 2 7    17.0   19.0
 51 4120.728658 5.179E-24 4.202E-01.04460.046 1667.97090.74-.005000              2              0                    P 29      486823 6 8 2 3 2 1    57.0   59.0
 51 4122.259315 1.721E-29 3.047E+00.05960.067 4395.93220.79-.004690              4              2                    P  8      468885 5 8 3 3 2 7    15.0   17.0
 51 4122.974151 3.217E-26 1.363E+00.05130.056 2866.29750.74-.005354              3              1                    P 19      478884 5 8 3 3 2 3    37.0   39.0
 51 4126.474366 8.617E-24 4.238E-01.04510.047 1557.06070.74-.005000              2              0                    P 28      486823 6 8 2 3 2 1    55.0   57.0
 51 4126.520213 1.754E-29 3.100E+00.06080.068 4365.74430.78-.004600              4              2                    P  7      468885 5 8 3 3 2 7    13.0   15.0
 51 4128.019146 4.353E-26 1.376E+00.05190.057 2794.07430.75-.005312              3              1                    P 18      478884 5 8 3 3 2 3    35.0   37.0
 51 4130.712142 1.719E-29 3.165E+00.06250.070 4339.32740.77-.004440              4              2                    P  6      468885 5 8 3 3 2 7    11.0   13.0
 51 4132.154167 1.406E-23 4.274E-01.04570.048 1449.93590.74-.005000              2              0                    P 27      486823 6 8 2 3 2 1    53.0   55.0
 51 4132.996778 5.764E-26 1.389E+00.05290.058 2725.63610.75-.005224              3              1                    P 17      478884 5 8 3 3 2 3    33.0   35.0
 51 4134.834953 1.608E-29 3.248E+00.06490.072 4316.68240.76-.004190              4              2                    P  5      468885 5 8 3 3 2 7     9.0   11.0
 51 4137.767916 2.249E-23 4.311E-01.04640.049 1346.60080.74-.005000              2              0                    P 26      487823 6 8 2 3 2 1    51.0   53.0
 51 4137.906900 7.469E-26 1.402E+00.05360.059 2660.98550.76-.005228              3              1                    P 16      478884 5 8 3 3 2 3    31.0   33.0
 51 4138.888500 1.418E-29 3.367E+00.06790.075 4297.81020.76-.003800              4              2                    P  4      468885 5 8 3 3 2 7     7.0    9.0
 51 4142.749366 9.464E-26 1.416E+00.05450.060 2600.12490.76-.005105              3              1                    P 15      478884 5 8 3 3 2 3    29.0   31.0
 51 4142.872637 1.151E-29 3.562E+00.07130.078 4282.71160.77-.003290              4              2                    P  3      468885 5 8 3 3 2 7     5.0    7.0
 51 4143.315466 3.526E-23 4.349E-01.04690.050 1247.05920.74-.005000              2              0                    P 25      487823 6 8 2 3 2 1    49.0   51.0
 51 4146.787216 8.157E-30 3.988E+00.07520.082 4271.38710.77-.002980              4              2                    P  2      468885 5 8 3 3 2 7     3.0    5.0
 51 4147.524030 1.172E-25 1.431E+00.05520.061 2543.05670.77-.005048              3              1                    P 14      478884 5 8 3 3 2 3    27.0   29.0
 51 4148.796673 5.420E-23 4.387E-01.04750.051 1151.31500.74-.005000              2              0                    P 24      587823 6 8 2 3 2 1    47.0   49.0
 51 4150.632092 4.256E-30 6.028E+00.08050.088 4263.83720.78-.002790              4              2                    P  1      468885 5 8 3 3 2 7     1.0    3.0
 51 4152.230745 1.418E-25 1.446E+00.05590.062 2489.78310.78-.004926              3              1                    P 13      478884 5 8 3 3 2 3    25.0   27.0
 51 4154.211390 8.164E-23 4.426E-01.04840.052 1059.37180.74-.005587              2              0                    P 23      588825 6 8 3 3 2 3    45.0   47.0
 51 4156.869364 1.674E-25 1.463E+00.05660.063 2440.30620.78-.004952              3              1                    P 12      478884 5 8 3 3 2 3    23.0   25.0
 51 4158.112142 4.385E-30 2.040E+00.08040.088 4260.06220.78-.003320              4              2                    R  0      468885 5 8 3 3 2 7     3.0    1.0
 51 4159.559472 1.205E-22 4.466E-01.04910.053  971.23320.74-.005084              2              0                    P 22      588825 6 8 3 3 2 3    43.0   45.0
 51 4161.439741 1.927E-25 1.480E+00.05730.064 2394.62790.79-.004877              3              1                    P 11      478884 5 8 3 3 2 3    21.0   23.0
 51 4161.747023 8.661E-30 2.467E+00.07530.082 4263.83720.78-.003600              4              2                    R  1      468885 5 8 3 3 2 7     5.0    3.0
 51 4164.840773 1.742E-22 4.507E-01.05020.054  886.90240.74-.005939              2              0                    P 21      588825 6 8 3 3 2 3    41.0   43.0
 51 4165.311613 1.260E-29 2.663E+00.07130.078 4271.38710.77-.003750              4              2                    R  2      468885 5 8 3 3 2 7     7.0    5.0
 51 4165.941729 2.159E-25 1.499E+00.05790.065 2352.74990.79-.004840              3              1                    P 10      478884 5 8 3 3 2 3    19.0   21.0
 51 4168.805764 1.599E-29 2.783E+00.06790.075 4282.71160.76-.003850              4              2                    R  3      468885 5 8 3 3 2 7     9.0    7.0
 51 4170.055146 2.468E-22 4.548E-01.05030.055  806.38280.74-.005465              2              0                    P 20      588875 6 8 3 3 2 3    39.0   41.0
 51 4170.375182 2.352E-25 1.519E+00.05870.066 2314.67390.79-.004770              3              1                    P  9      478884 5 8 3 3 2 3    17.0   19.0
 51 4172.229329 1.869E-29 2.868E+00.06480.072 4297.81020.76-.003860              4              2                    R  4      468885 5 8 3 3 2 7    11.0    9.0
 51 4174.739953 2.483E-25 1.542E+00.05960.067 2280.40120.79-.004689              3              1                    P  8      478884 5 8 3 3 2 3    15.0   17.0
 51 4175.202446 3.422E-22 4.590E-01.05130.056  729.67740.74-.005354              2              0                    P 19      588885 6 8 3 3 2 3    37.0   39.0
 51 4175.582162 2.058E-29 2.934E+00.06240.070 4316.68240.77-.003890              4              2                    R  5      468885 5 8 3 3 2 7    13.0   11.0
 51 4178.864116 2.164E-29 2.989E+00.06070.068 4339.32740.78-.003910              4              2                    R  6      468885 5 8 3 3 2 7    15.0   13.0
 51 4179.035895 2.534E-25 1.569E+00.06080.068 2249.93340.78-.004604              3              1                    P  7      478884 5 8 3 3 2 3    13.0   15.0
 51 4180.282526 4.646E-22 4.634E-01.05190.057  656.78920.76-.005312              2              0                    P 18      688885 6 8 3 3 2 3    35.0   37.0
 51 4182.075043 2.188E-29 3.037E+00.05950.066 4365.74430.79-.003910              4              2                    R  7      468885 5 8 3 3 2 7    17.0   15.0
 51 4183.262861 2.487E-25 1.602E+00.06250.070 2223.27140.77-.004443              3              1                    P  6      478884 5 8 3 3 2 3    11.0   13.0
 51 4185.214797 2.138E-29 3.080E+00.05850.065 4395.93220.79-.003870              4              2                    R  8      468885 5 8 3 3 2 7    19.0   17.0
 51 4185.295240 6.172E-22 4.678E-01.05290.058  587.72090.76-.005224              2              0                    P 17      688885 6 8 3 3 2 3    33.0   35.0
 51 4187.420705 2.329E-25 1.644E+00.06490.072 2200.41640.76-.004182              3              1                    P  5      478884 5 8 3 3 2 3     9.0   11.0
 51 4188.283232 2.027E-29 3.120E+00.05780.064 4429.88980.78-.003860              4              2                    R  9      468885 5 8 3 3 2 7    21.0   19.0
 51 4190.240441 8.022E-22 4.725E-01.05360.059  522.47510.76-.005228              2              0                    P 16      688885 6 8 3 3 2 3    31.0   33.0
 51 4191.280199 1.867E-29 3.157E+00.05710.063 4467.61580.78-.003840              4              2                    R 10      468885 5 8 3 3 2 7    23.0   21.0
 51 4191.509279 2.056E-25 1.705E+00.06790.075 2181.36920.76-.003803              3              1                    P  4      478884 5 8 3 3 2 3     7.0    9.0
 51 4194.205553 1.675E-29 3.192E+00.05640.062 4509.10880.77-.003850              4              2                    R 11      468885 5 8 3 3 2 7    25.0   23.0
 51 4195.117982 1.019E-21 4.772E-01.05450.060  461.05440.76-.005105              2              0                    P 15      688885 6 8 3 3 2 3    29.0   31.0
 51 4195.528436 1.670E-25 1.804E+00.07130.078 2166.13050.77-.003292              3              1                    P  3      478884 5 8 3 3 2 3     5.0    7.0
 51 4197.059147 1.465E-29 3.226E+00.05570.062 4554.36700.77-.003920              4              2                    R 12      468885 5 8 3 3 2 7    27.0   25.0
 51 4199.478031 1.184E-25 2.020E+00.07520.082 2154.70100.77-.002983              3              1                    P  2      478884 5 8 3 3 2 3     3.0    5.0
 51 4199.840834 1.251E-29 3.259E+00.05500.061 4603.38890.76-.004040              4              2                    R 13      468885 5 8 3 3 2 7    29.0   27.0
 51 4199.927718 1.266E-21 4.822E-01.05520.061  403.46120.77-.005048              2              0                    P 14      688885 6 8 3 3 2 3    27.0   29.0
 51 4202.550466 1.043E-29 3.291E+00.05420.060 4656.17240.76-.004130              4              2                    R 14      468885 5 8 3 3 2 7    31.0   29.0
 51 4203.357916 6.181E-26 3.053E+00.08050.088 2147.08110.78-.002787              3              1                    P  1      478884 5 8 3 3 2 3     1.0    3.0
 51 4204.669501 1.535E-21 4.874E-01.05590.062  349.69750.78-.004926              2              0                    P 13      688885 6 8 3 3 2 3    25.0   27.0
 51 4205.187898 8.507E-30 3.322E+00.05350.059 4712.71560.75-.004240              4              2                    R 15      468885 5 8 3 3 2 7    33.0   31.0
 51 4207.752983 6.785E-30 3.353E+00.05260.058 4773.01610.75-.004500              4              2                    R 16      468885 5 8 3 3 2 7    35.0   33.0
 51 4209.343184 1.816E-21 4.929E-01.05660.063  299.76560.78-.004952              2              0                    P 12      688885 6 8 3 3 2 3    23.0   25.0
 51 4210.245573 5.295E-30 3.383E+00.05180.057 4837.07170.74-.004510              4              2                    R 17      468885 5 8 3 3 2 7    37.0   35.0
 51 4210.907967 6.371E-26 1.034E+00.08040.088 2143.27110.78-.003323              3              1                    R  0      478884 5 8 3 3 2 3     3.0    1.0
 51 4212.665523 4.045E-30 3.413E+00.05100.056 4904.87990.74-.004750              4              2                    R 18      468885 5 8 3 3 2 7    39.0   37.0
 51 4213.948622 2.095E-21 4.988E-01.05730.064  253.66720.79-.004877              2              0                    P 11      688885 6 8 3 3 2 3    21.0   23.0
 51 4214.577840 1.258E-25 1.250E+00.07530.082 2147.08110.78-.003602              3              1                    R  1      478884 5 8 3 3 2 3     5.0    3.0
 51 4215.012686 3.026E-30 3.443E+00.05020.055 4976.43800.73-.004910              4              2                    R 19      468885 5 8 3 3 2 7    41.0   39.0
 51 4217.286914 2.217E-30 3.472E+00.04950.053 5051.74320.73-.004950              4              2                    R 20      468885 5 8 3 3 2 7    43.0   41.0
 51 4218.177415 1.830E-25 1.349E+00.07130.078 2154.70100.77-.003751              3              1                    R  2      478884 5 8 3 3 2 3     7.0    5.0
 51 4218.485666 2.353E-21 5.051E-01.05790.065  211.40410.79-.004840              2              0                    P 10      688885 6 8 3 3 2 3    19.0   21.0
 51 4219.488062 1.592E-30 3.502E+00.04880.052 5130.79260.72-.005700              4              2                    R 21      468885 5 8 3 3 2 7    45.0   43.0
 51 4221.615983 1.120E-30 3.531E+00.04750.051 5213.58320.72-.005480              4              2                    R 22      468885 5 8 3 3 2 7    47.0   45.0
 51 4221.706546 2.322E-25 1.410E+00.06790.075 2166.13050.76-.003855              3              1                    R  3      478884 5 8 3 3 2 3     9.0    7.0
 51 4222.954171 2.567E-21 5.121E-01.05870.066  172.97800.79-.004770              2              0                    P  9      688885 6 8 3 3 2 3    17.0   19.0
 51 4223.670530 7.721E-31 3.560E+00.04660.050 5300.11170.71-.005480              4              2                    R 23      468885 5 8 3 3 2 7    49.0   47.0
 51 4225.165085 2.711E-25 1.453E+00.06480.072 2181.36920.76-.003855              3              1                    R  4      478884 5 8 3 3 2 3    11.0    9.0
 51 4225.651557 5.220E-31 3.589E+00.04690.049 5390.37470.71-.005480              4              2                    R 24      466665 5 8 3 3 2 7    51.0   49.0
 51 4227.353988 2.715E-21 5.200E-01.05960.067  138.39040.79-.004689              2              0                    P  8      688885 6 8 3 3 2 3    15.0   17.0
 51 4227.558918 3.460E-31 3.618E+00.04640.048 5484.36870.70-.005480              4              2                    R 25      466665 5 8 3 3 2 7    53.0   51.0
 51 4228.552886 2.984E-25 1.487E+00.06240.070 2200.41640.77-.003886              3              1                    R  5      478884 5 8 3 3 2 3    13.0   11.0
 51 4229.392465 2.249E-31 3.647E+00.04570.047 5582.09010.70-.005480              4              2                    R 26      466665 5 8 3 3 2 7    55.0   53.0
 51 4231.152052 1.433E-31 3.676E+00.04510.047 5683.53510.70-.005480              4              2                    R 27      466665 5 8 3 3 2 7    57.0   55.0
 51 4231.684972 2.775E-21 5.291E-01.06080.068  107.64240.78-.004604              2              0                    P  7      688885 6 8 3 3 2 3    13.0   15.0
 51 4231.869803 3.134E-25 1.515E+00.06070.068 2223.27140.78-.003913              3              1                    R  6      478884 5 8 3 3 2 3    15.0   13.0
 51 4235.115687 3.166E-25 1.540E+00.05950.066 2249.93340.79-.003913              3              1                    R  7      478884 5 8 3 3 2 3    17.0   15.0
 51 4235.946976 2.727E-21 5.402E-01.06250.070   80.73540.77-.004443              2              0                    P  6      688885 6 8 3 3 2 3    11.0   13.0
 51 4238.290394 3.090E-25 1.562E+00.05850.065 2280.40120.79-.003870              3              1                    R  8      478884 5 8 3 3 2 3    19.0   17.0
 51 4240.139851 2.557E-21 5.546E-01.06490.072   57.67040.76-.004182              2              0                    P  5      688885 6 8 3 3 2 3     9.0   11.0
 51 4241.393775 2.924E-25 1.582E+00.05780.064 2314.67390.78-.003862              3              1                    R  9      478884 5 8 3 3 2 3    21.0   19.0
 51 4244.263453 2.259E-21 5.749E-01.06790.075   38.44810.76-.003803              2              0                    P  4      688885 6 8 3 3 2 3     7.0    9.0
 51 4244.425684 2.690E-25 1.601E+00.05710.063 2352.74990.78-.003836              3              1                    R 10      478884 5 8 3 3 2 3    23.0   21.0
 51 4247.385975 2.409E-25 1.619E+00.05640.062 2394.62790.77-.003849              3              1                    R 11      478884 5 8 3 3 2 3    25.0   23.0
 51 4248.317632 1.837E-21 6.084E-01.07130.078   23.06950.77-.003292              2              0                    P  3      688885 6 8 3 3 2 3     5.0    7.0
 51 4250.274500 2.103E-25 1.636E+00.05570.062 2440.30620.77-.003922              3              1                    R 12      478884 5 8 3 3 2 3    27.0   25.0
 51 4252.302244 1.303E-21 6.813E-01.07520.082   11.53500.77-.002983              2              0                    P  2      688885 6 8 3 3 2 3     3.0    5.0
 51 4253.091114 1.792E-25 1.653E+00.05500.061 2489.78310.76-.004041              3              1                    R 13      478884 5 8 3 3 2 3    29.0   27.0
 51 4255.835670 1.491E-25 1.669E+00.05420.060 2543.05670.76-.004125              3              1                    R 14      478884 5 8 3 3 2 3    31.0   29.0
 51 4256.217139 6.802E-22 1.030E+00.08050.088    3.84500.78-.002787              2              0                    P  1      688885 6 8 3 3 2 3     1.0    3.0
 51 4258.508021 1.213E-25 1.685E+00.05350.059 2600.12490.75-.004235              3              1                    R 15      478884 5 8 3 3 2 3    33.0   31.0
 51 4261.108022 9.647E-26 1.701E+00.05260.058 2660.98550.75-.004498              3              1                    R 16      478884 5 8 3 3 2 3    35.0   33.0
 51 4263.635524 7.508E-26 1.717E+00.05180.057 2725.63610.74-.004506              3              1                    R 17      478884 5 8 3 3 2 3    37.0   35.0
 51 4263.837197 7.014E-22 3.487E-01.08040.088    0.00000.78-.003323              2              0                    R  0      688685 6 8 3 3 2 3     3.0    1.0
 51 4266.090383 5.718E-26 1.732E+00.05100.056 2794.07430.74-.004754              3              1                    R 18      478884 5 8 3 3 2 3    39.0   37.0
 51 4267.542065 1.385E-21 4.218E-01.07530.082    3.84500.78-.003602              2              0                    R  1      688885 6 8 3 3 2 3     5.0    3.0
 51 4268.472452 4.264E-26 1.747E+00.05020.055 2866.29750.73-.004905              3              1                    R 19      478884 5 8 3 3 2 3    41.0   39.0
 51 4270.781585 3.114E-26 1.763E+00.04950.053 2942.30280.73-.004946              3              1                    R 20      478884 5 8 3 3 2 3    43.0   41.0
 51 4271.176630 2.014E-21 4.554E-01.07130.078   11.53500.77-.003751              2              0                    R  2      688885 6 8 3 3 2 3     7.0    5.0
 51 4273.017634 2.228E-26 1.778E+00.04880.052 3022.08730.72-.005703              3              1                    R 21      478884 5 8 3 3 2 3    45.0   43.0
 51 4274.740746 2.554E-21 4.760E-01.06790.075   23.06950.76-.003855              2              0                    R  3      688885 6 8 3 3 2 3     9.0    7.0
 51 4275.180455 1.562E-26 1.793E+00.04750.051 3105.64790.72-.005478              3              1                    R 22      478884 5 8 3 3 2 3    47.0   45.0
 51 4277.269901 1.073E-26 1.808E+00.04660.050 3192.98150.71-.005955              3              1                    R 23      478884 5 8 3 3 2 3    49.0   47.0
 51 4278.234264 2.981E-21 4.906E-01.06480.072   38.44810.76-.003855              2              0                    R  4      688885 6 8 3 3 2 3    11.0    9.0
 51 4279.285826 7.224E-27 1.823E+00.04690.049 3284.08460.71-.005200              3              1                    R 24      476663 5 8 3 3 2 1    51.0   49.0
 51 4281.228084 4.768E-27 1.837E+00.04640.048 3378.95370.70-.005200              3              1                    R 25      476663 5 8 3 3 2 1    53.0   51.0
 51 4281.657040 3.278E-21 5.020E-01.06240.070   57.67040.77-.003886              2              0                    R  5      688885 6 8 3 3 2 3    13.0   11.0
 51 4283.096528 3.086E-27 1.852E+00.04570.047 3477.58510.70-.005200              3              1                    R 26      476663 5 8 3 3 2 1    55.0   53.0
 51 4284.891014 1.958E-27 1.867E+00.04510.047 3579.97510.70-.005200              3              1                    R 27      476663 5 8 3 3 2 1    57.0   55.0
 51 4285.008925 3.440E-21 5.115E-01.06070.068   80.73540.78-.003913              2              0                    R  6      688885 6 8 3 3 2 3    15.0   13.0
 51 4286.611394 1.219E-27 1.882E+00.04460.046 3686.11980.70-.005200              3              1                    R 28      476663 5 8 3 3 2 1    59.0   57.0
 51 4288.257523 7.437E-28 1.897E+00.04410.045 3796.01490.70-.005200              3              1                    R 29      476663 5 8 3 3 2 1    61.0   59.0
 51 4288.289774 3.471E-21 5.198E-01.05950.066  107.64240.79-.003913              2              0                    R  7      688885 6 8 3 3 2 3    17.0   15.0
 51 4289.829253 4.453E-28 1.912E+00.04360.043 3909.65620.70-.005200              3              1                    R 30      466663 5 8 3 3 2 1    63.0   61.0
 51 4291.326442 2.615E-28 1.927E+00.04300.042 4027.03950.70-.005200              3              1                    R 31      466663 5 8 3 3 2 1    65.0   63.0
 51 4291.499439 3.384E-21 5.273E-01.05850.065  138.39040.79-.003870              2              0                    R  8      688885 6 8 3 3 2 3    19.0   17.0
 51 4292.748942 1.507E-28 1.942E+00.04250.041 4148.16010.70-.005200              3              1                    R 32      466663 5 8 3 3 2 1    67.0   65.0
 51 4294.096607 8.517E-29 1.957E+00.04200.041 4273.01330.70-.005200              3              1                    R 33      462223 5 8 3 3 2 1    69.0   67.0
 51 4294.637774 3.198E-21 5.342E-01.05780.064  172.97800.78-.003862              2              0                    R  9      688885 6 8 3 3 2 3    21.0   19.0
 51 4295.369292 4.724E-29 1.972E+00.04200.041 4401.59430.70-.005200              3              1                    R 34      462223 5 8 3 3 2 1    71.0   69.0
 51 4296.566850 2.571E-29 1.987E+00.04200.041 4533.89830.70-.005200              3              1                    R 35      462223 5 8 3 3 2 1    73.0   71.0
 51 4297.689135 1.373E-29 2.002E+00.04200.041 4669.92000.70-.005200              3              1                    R 36      462223 5 8 3 3 2 1    75.0   73.0
 51 4297.704633 2.937E-21 5.407E-01.05710.063  211.40410.78-.003836              2              0                    R 10      688885 6 8 3 3 2 3    23.0   21.0
 51 4298.736003 7.200E-30 2.017E+00.04200.041 4809.65410.70-.005200              3              1                    R 37      462223 5 8 3 3 2 1    77.0   75.0
 51 4299.707306 3.704E-30 2.032E+00.04200.041 4953.09540.70-.005200              3              1                    R 38      462223 5 8 3 3 2 1    79.0   77.0
 51 4300.602899 1.871E-30 2.048E+00.04200.041 5100.23820.70-.005200              3              1                    R 39      462223 5 8 3 3 2 1    81.0   79.0
 51 4300.699869 2.625E-21 5.468E-01.05640.062  253.66720.77-.003849              2              0                    R 11      688885 6 8 3 3 2 3    25.0   23.0
 51 4301.422637 9.273E-31 2.063E+00.04200.041 5251.07690.70-.005200              3              1                    R 40      462223 5 8 3 3 2 1    83.0   81.0
 51 4302.166372 4.513E-31 2.078E+00.04200.041 5405.60560.70-.005200              3              1                    R 41      462223 5 8 3 3 2 1    85.0   83.0
 51 4302.833960 2.156E-31 2.093E+00.04200.041 5563.81840.70-.005200              3              1                    R 42      462223 5 8 3 3 2 1    87.0   85.0
 51 4303.425254 1.011E-31 2.109E+00.04200.041 5725.70900.70-.005200              3              1                    R 43      462223 5 8 3 3 2 1    89.0   87.0
 51 4303.623335 2.288E-21 5.527E-01.05570.062  299.76560.77-.003922              2              0                    R 12      688885 6 8 3 3 2 3    27.0   25.0
 51 4306.474886 1.945E-21 5.585E-01.05500.061  349.69750.76-.004041              2              0                    R 13      688885 6 8 3 3 2 3    29.0   27.0
 51 4309.254375 1.615E-21 5.641E-01.05420.060  403.46120.76-.004125              2              0                    R 14      688885 6 8 3 3 2 3    31.0   29.0
 51 4311.961655 1.310E-21 5.695E-01.05350.059  461.05440.75-.004235              2              0                    R 15      688885 6 8 3 3 2 3    33.0   31.0
 51 4314.596582 1.040E-21 5.749E-01.05260.058  522.47510.75-.004498              2              0                    R 16      688885 6 8 3 3 2 3    35.0   33.0
 51 4317.159007 8.067E-22 5.803E-01.05180.057  587.72090.75-.004506              2              0                    R 17      688885 6 8 3 3 2 3    37.0   35.0
 51 4319.648786 6.126E-22 5.855E-01.05100.056  656.78920.74-.004754              2              0                    R 18      688885 6 8 3 3 2 3    39.0   37.0
 51 4322.065772 4.554E-22 5.907E-01.05020.055  729.67740.73-.004905              2              0                    R 19      688885 6 8 3 3 2 3    41.0   39.0
 51 4324.409820 3.315E-22 5.959E-01.04950.053  806.38280.75-.004946              2              0                    R 20      588875 6 8 3 3 2 3    43.0   41.0
 51 4326.680783 2.363E-22 6.011E-01.04880.052  886.90240.74-.005703              2              0                    R 21      588825 6 8 3 3 2 3    45.0   43.0
 51 4328.878516 1.651E-22 6.062E-01.04750.051  971.23320.74-.005478              2              0                    R 22      588825 6 8 3 3 2 3    47.0   45.0
 51 4331.002873 1.130E-22 6.113E-01.04660.050 1059.37180.74-.005955              2              0                    R 23      588825 6 8 3 3 2 3    49.0   47.0
 51 4333.053708 7.576E-23 6.165E-01.04690.049 1151.31500.74-.005200              2              0                    R 24      587823 6 8 2 3 2 1    51.0   49.0
 51 4335.030876 4.980E-23 6.216E-01.04640.048 1247.05920.74-.005200              2              0                    R 25      587823 6 8 2 3 2 1    53.0   51.0
 51 4336.934231 3.209E-23 6.267E-01.04570.047 1346.60080.74-.005200              2              0                    R 26      586823 6 8 2 3 2 1    55.0   53.0
 51 4338.763628 2.027E-23 6.318E-01.04510.047 1449.93590.74-.005200              2              0                    R 27      586823 6 8 2 3 2 1    57.0   55.0
 51 4340.518921 1.256E-23 6.369E-01.04460.046 1557.06070.74-.005200              2              0                    R 28      586823 6 8 2 3 2 1    59.0   57.0
 51 4342.199965 7.627E-24 6.420E-01.04410.045 1667.97090.74-.005200              2              0                    R 29      586823 6 8 2 3 2 1    61.0   59.0
 51 4343.806614 4.543E-24 6.471E-01.04360.043 1782.66240.74-.005200              2              0                    R 30      476823 6 8 2 3 2 1    63.0   61.0
 51 4345.338724 2.654E-24 6.523E-01.04300.042 1901.13080.74-.005200              2              0                    R 31      476623 6 8 2 2 2 1    65.0   63.0
 51 4346.796148 1.521E-24 6.574E-01.04250.041 2023.37150.74-.005200              2              0                    R 32      476623 6 8 2 2 2 1    67.0   65.0
 51 4348.178742 8.552E-25 6.626E-01.04200.041 2149.37990.74-.005200              2              0                    R 33      476623 6 8 2 2 2 1    69.0   67.0
 51 4349.486361 4.717E-25 6.677E-01.04200.041 2279.15110.74-.005200              2              0                    R 34      476623 6 8 2 2 2 1    71.0   69.0
 51 4350.718859 2.552E-25 6.729E-01.04200.041 2412.68010.74-.005200              2              0                    R 35      476223 6 8 2 2 2 1    73.0   71.0
 51 4351.876114 1.355E-25 6.781E-01.04200.041 2549.96200.74-.005200              2              0                    R 36      476223 5 8 2 2 2 1    75.0   73.0
 51 4352.957935 7.060E-26 6.833E-01.04200.041 2690.99130.74-.005200              2              0                    R 37      476223 5 8 2 2 2 1    77.0   75.0
 51 4353.964199 3.610E-26 6.885E-01.04200.041 2835.76270.74-.005200              2              0                    R 38      476223 5 8 2 2 2 1    79.0   77.0
 51 4354.894762 1.811E-26 6.938E-01.04200.041 2984.27070.74-.005200              2              0                    R 39      476223 5 8 2 2 2 1    81.0   79.0
 51 4355.749478 8.917E-27 6.990E-01.04200.041 3136.50950.74-.005200              2              0                    R 40      476223 5 8 2 2 2 1    83.0   81.0
 51 4356.528202 4.310E-27 7.043E-01.04200.041 3292.47340.74-.005200              2              0                    R 41      476223 5 8 2 2 2 1    85.0   83.0
 51 4357.230789 2.044E-27 7.096E-01.04200.041 3452.15630.74-.005200              2              0                    R 42      476223 5 8 2 2 2 1    87.0   85.0
 51 4357.857094 9.519E-28 7.149E-01.04200.041 3615.55210.74-.005200              2              0                    R 43      476223 5 8 2 2 2 1    89.0   87.0
 51 4358.406971 4.351E-28 7.202E-01.04200.041 3782.65460.74-.005200              2              0                    R 44      476223 5 8 2 2 2 1    91.0   89.0
 51 4358.880275 1.952E-28 7.255E-01.04200.041 3953.45740.74-.005200              2              0                    R 45      476223 5 8 2 2 2 1    93.0   91.0
 51 4359.276862 8.601E-29 7.308E-01.04200.041 4127.95390.74-.005200              2              0                    R 46      476223 5 8 2 2 2 1    95.0   93.0
 51 4359.596585 3.720E-29 7.362E-01.04200.041 4306.13750.74-.005200              2              0                    R 47      476223 5 8 2 2 2 1    97.0   95.0
 51 4359.839299 1.580E-29 7.416E-01.04200.041 4488.00120.74-.005200              2              0                    R 48      476223 5 8 2 2 2 1    99.0   97.0
 51 4359.892647 1.661E-31 7.687E-01.04200.041 5452.27330.74-.005200              2              0                    R 53      376223 5 8 2 2 2 1   109.0  107.0
 51 4360.004860 6.588E-30 7.470E-01.04200.041 4673.53810.74-.005200              2              0                    R 49      476223 5 8 2 2 2 1   101.0   99.0
 51 4360.037160 4.284E-31 7.633E-01.04200.041 5252.11620.74-.005200              2              0                    R 52      376223 5 8 2 2 2 1   107.0  105.0
 51 4360.093120 2.698E-30 7.524E-01.04200.041 4862.74110.74-.005200              2              0                    R 50      376223 5 8 2 2 2 1   103.0  101.0
 51 4360.103936 1.085E-30 7.578E-01.04200.041 5055.60290.74-.005200              2              0                    R 51      376223 5 8 2 2 2 1   105.0  103.0
